MEANS

VIRGINICA : 6.59 , 2.97 , 5.55 , 2.03
SETOSA : 5.01 , 3.42 , 1.46 , 0.24
VERSICOLOR : 5.94 , 2.77 , 4.26 , 1.33

COVAR MATRICES
VIRGINICA
[0.4 , 0.0 , 0.0 , 0.0
0.0 , 0.1 , 0.0 , 0.0
0.0 , 0.0 , 0.3 , 0.0
0.0 , 0.0 , 0.0 , 0.07]
SETOSA
[0.12 , 0.0 , 0.0 , 0.0
0.0 , 0.14 , 0.0 , 0.0
0.0 , 0.0 , 0.03 , 0.0
0.0 , 0.0 , 0.0 , 0.01]
VERSICOLOR
[0.26 , 0.0 , 0.0 , 0.0
0.0 , 0.1 , 0.0 , 0.0
0.0 , 0.0 , 0.22 , 0.0
0.0 , 0.0 , 0.0 , 0.04]

PRIORS
Iris-virginica : 0.33
Iris-versicolor : 0.33
Iris-setosa : 0.33
